200 411.7328333333333
300 664.1241666666666
400 931.2315
500 1207.7771333333333
600 1484.8857
700 1743.7154
800 2023.9540666666664
900 2297.2561333333333
1000 2572.9039333333335
1100 2828.4988
1200 3114.7398333333335
1300 3421.209533333333
1400 3683.6607000000004
1500 3982.3451666666665
1600 4287.2476
1700 4294.653033333333
1800 4316.328266666666
1900 4360.4536333333335
2000 4285.435533333333
2100 5332.431033333333
2200 5738.234366666667
2300 5692.4735
2400 5643.381833333333
2500 6652.266466666667
2600 6988.7421
2700 7255.7982999999995
2800 7441.9808
2900 7868.321866666666
3000 8046.427766666667