500 1696.6072000000001
600 2032.4664
700 2391.9326333333333
800 2792.904366666667
900 3173.9145000000003
1000 3503.423766666667
1100 3964.8985
1200 4357.0546
1300 4744.184833333334
1400 5123.9939
1500 5503.9168
1600 5914.040733333332
1700 6240.8668333333335
1800 6805.879466666666
1900 7017.0653999999995
2000 7322.976366666667
2100 7863.252166666666
2200 8162.403033333333
2300 8625.476566666666
2400 9073.6173
2500 9391.6045
2600 9681.2759
2700 10150.526366666667
2800 10662.969766666667
2900 11093.924299999999
3000 11510.830399999999